pose: 
  position: 
    x: 0.0703210349954
    y: 0.0207515639124
    z: 0.100353679031
  orientation: 
    x: 0.0305494043199
    y: 0.996535070586
    z: 0.0757659684332
    w: 0.0156238604684
